55.45,4.80
21.64,38.94
64.98,17.52
51.14,1.76
11.01,2.06
64.04,71.42
28.81,75.76
57.60,-7.35
24.39,57.98
-14.85,21.68
57.10,-17.52
54.33,35.53
11.61,19.66
-4.82,60.70
-18.10,21.84
18.36,20.65
60.18,0.63
60.20,51.81
38.29,-14.71
-8.51,19.11
48.57,15.85
78.65,-10.55
23.21,-0.37
1.52,-11.88
5.19,46.84
59.32,-4.14
5.60,-6.03
-13.09,29.99
0.15,-6.25
35.02,76.20
-6.14,3.30
-1.59,80.12
42.16,3.39
40.84,32.00
78.34,26.23
48.39,65.35
32.20,65.51
12.47,59.12
15.74,53.09
17.99,32.47
5.48,42.95
60.58,68.87
61.72,23.53
13.99,23.67
68.66,80.88
21.08,-8.27
80.13,75.96
-5.98,73.71
79.11,10.65
68.00,62.38
36.27,44.43
16.79,44.68
15.56,81.81
7.70,25.67
20.26,57.82
53.36,51.36
44.37,65.36
9.02,13.38
22.96,-12.61
13.43,-19.29
-0.95,12.91
17.42,49.18
1.33,7.06
34.36,71.35
69.40,17.09
14.50,-17.66
66.15,24.06
54.34,35.33
51.41,25.63
-8.11,64.65
22.45,16.36
36.32,6.49
-10.15,54.49
-4.54,71.20
31.07,23.01
65.86,51.42
4.33,-9.30
18.88,8.87
24.98,77.62
45.84,-11.87
-9.08,9.67
53.62,18.70
46.04,9.18
11.25,70.29
79.90,52.93
8.50,21.02
56.55,27.59
74.93,-3.53
17.67,-18.58
40.36,38.21
80.43,-13.14
74.31,63.60
36.97,-4.87
33.29,74.20
7.94,69.76
48.75,48.83
47.74,16.46
65.27,9.12
63.30,20.58
81.20,46.75
59.88,63.19
-8.00,-18.05
10.85,11.48
9.36,64.95
78.85,79.21
44.19,-5.44
65.67,-0.05
51.73,5.10
49.34,-14.25
61.42,23.03
2.58,-0.03
46.41,55.25
79.03,38.62
67.73,81.62
-18.47,48.30
58.78,23.09
65.49,20.36
37.90,74.44
76.76,60.80
8.08,46.39
-12.52,30.19
20.32,-20.32
3.70,-18.25
69.47,70.72
44.26,-5.16
56.32,38.15
-11.44,-13.55
69.69,47.50
63.40,-15.17
-11.36,48.59
49.60,-6.51
52.76,64.04
25.46,-15.83
40.23,2.11
82.12,-8.96
19.07,53.40
59.34,76.54
52.47,-5.78
75.29,26.58
22.05,31.18
79.73,75.52
31.37,61.86
10.66,-9.90
73.91,-10.06
12.02,65.77
70.52,-17.53
12.97,2.58
28.69,79.93
73.31,-7.81
9.10,56.89
62.78,7.37
56.15,75.31
64.15,17.28
4.11,60.23
18.94,-3.84
19.12,77.63
-10.04,-4.69
3.53,69.30
41.02,11.62
-6.08,15.39
23.48,27.17
80.55,34.92
47.42,82.00
6.14,79.63
63.41,51.56
-3.36,43.33
24.71,-7.63
9.32,55.61
-18.56,10.14
76.68,17.01
-5.76,13.23
54.00,53.13
-6.79,41.97
11.93,75.41
51.47,74.54
18.66,27.97
0.30,-13.81
55.82,39.72
23.38,0.14
44.75,70.44
49.01,9.25
62.44,66.59
-14.98,-17.05
-15.59,-1.08
45.94,37.23
49.87,58.27
59.97,66.86
8.55,19.22
40.31,69.23
-17.57,69.75
6.42,78.47
-2.31,-19.73
74.29,41.75
79.38,75.10
60.19,10.41
41.27,36.35
-11.42,67.35
-11.76,78.91
42.83,52.18
5.67,-10.68
57.09,39.61
36.50,43.13
76.24,32.17
50.86,73.27
15.77,-2.97
73.42,52.32
71.56,47.82
69.40,23.03
68.20,-13.56
-16.83,39.98
-16.57,58.82
22.97,-18.84
-8.02,12.48
76.63,-3.19
15.85,32.30
-16.08,17.48
82.07,-12.88
33.72,20.56
0.78,75.56
29.92,-12.30
-18.44,37.20
27.70,21.48
73.59,39.88
-7.16,4.19
77.52,37.04
58.52,48.94
20.09,-6.32
78.31,7.16
79.48,36.89
28.68,13.04
33.84,65.17
4.55,6.39
24.23,-3.81
-16.69,-9.69
-3.70,81.81
-19.35,-18.20
9.11,36.77
31.97,59.32
0.71,20.81
13.03,-13.65
42.77,59.94
16.50,16.84
8.40,6.25
33.31,59.59
48.99,27.54
16.45,46.58
-20.00,6.97
27.26,80.42
39.01,-13.32
45.56,68.49
37.43,76.73
3.68,74.62
56.12,-6.26
17.72,41.37
-15.67,4.06
14.28,28.20
62.12,58.91
61.15,26.12
53.16,24.99
8.98,77.54
56.84,68.65
-9.59,-7.27
66.97,32.18
68.15,22.88
76.07,4.75
16.46,77.29
55.58,69.47
81.13,33.91
56.80,69.44
5.78,44.04
-11.74,27.88
52.42,26.10
-3.96,7.86
-8.08,10.76
13.48,47.42
-10.63,30.43
69.84,33.88
38.76,-11.57
63.71,55.59
66.44,16.69
67.62,77.69
32.78,-11.68
68.62,82.44
75.65,3.50
63.78,78.01
65.33,52.80
12.18,14.71
9.20,-12.60
66.61,-14.28
1.65,20.86
17.67,1.75
67.26,30.68
45.60,81.03
74.08,-17.43
9.59,-18.53
66.27,49.38
8.40,42.76
21.87,40.20
70.87,52.06
24.07,76.10
-5.34,59.58
12.64,30.29
19.36,65.58
65.56,44.77
-10.85,41.77
28.36,-7.36
-8.71,-14.40
49.17,1.33
4.87,29.31
-9.88,25.60
-1.49,71.68
49.36,30.64
77.92,21.75
47.91,45.42
41.34,4.84
52.68,1.17
58.65,37.04
-10.70,9.65
-12.12,15.57
-11.24,58.06
59.10,19.47
5.73,57.62
22.09,81.71
-12.53,19.93
-10.77,57.82
41.11,46.29
-5.90,62.69
37.32,44.80
67.24,80.54
55.22,38.73
61.81,-18.84
46.04,65.50
35.92,20.67
68.90,78.62
69.74,40.92
13.06,6.74
-10.20,43.81
-4.92,0.53
28.03,64.76
60.39,65.33
31.57,-14.10
60.51,52.10
26.53,53.07
-3.31,-19.93
8.21,44.52
-7.98,30.64
53.28,50.03
50.62,43.02
41.73,-20.02
52.12,62.57
-2.47,21.88
-14.44,51.77
72.19,81.81
74.79,4.46
-13.62,-1.18
-7.92,61.23
6.31,10.01
78.04,-4.92
78.48,40.87
15.14,45.61
57.33,16.99
38.80,54.62
70.38,47.29
4.18,21.48
31.43,-7.73
-14.93,7.05
39.76,68.94
23.84,4.42
48.86,69.01
-13.17,25.61
22.00,25.05
30.55,79.72
38.58,25.10
65.34,15.75
10.98,10.91
22.62,6.60
60.21,16.19
52.66,71.56
81.37,-8.26
12.75,68.68
79.79,42.40
-10.07,-3.53
-4.15,21.33
48.89,51.02
81.05,20.00
41.74,66.02
13.81,51.74
74.12,49.68
3.45,10.47
-1.49,81.46
15.18,33.79
3.59,50.88
53.20,-11.05
49.92,76.69
80.52,-4.26
55.15,12.96
55.45,74.95
37.76,64.61
52.64,-1.41
57.84,20.22
78.10,19.04
19.04,22.77
19.99,72.45
-8.15,41.34
64.19,56.81
47.04,75.20
45.83,46.17
-6.63,34.72
58.52,14.16
-17.64,57.44
60.59,61.83
30.52,66.43
20.08,-2.23
71.51,72.94
56.76,5.49
61.82,59.08
55.68,70.87
80.68,6.25
61.51,9.47
47.30,66.84
13.34,62.05
-16.86,-1.44
80.26,65.47
-15.02,54.13
7.95,52.00
-18.44,14.60
-19.02,22.97
63.08,-12.09
28.45,23.44
62.22,68.36
65.63,16.30
33.64,31.14
41.65,8.73
59.27,41.00
36.89,51.96
54.95,72.29
-16.14,-8.72
39.90,13.23
-7.40,79.17
1.03,56.82
81.80,34.35
4.00,19.12
34.93,1.82
58.45,22.22
-6.87,76.36
34.56,22.71
3.71,58.39
64.16,-4.70
80.38,28.84
6.98,59.15
41.53,46.85
-16.94,-7.09
1.31,-9.46
31.79,22.23
63.05,79.33
13.15,42.56
42.58,28.41
49.19,-17.16
17.92,8.71
75.98,41.34
-15.87,21.47
55.75,-9.78
-11.67,-2.55
21.87,42.37
-2.61,75.63
49.02,40.00
61.70,-2.68
55.38,72.59
46.53,31.26
50.18,75.10
11.31,22.86
78.55,-1.91
-12.89,1.27
59.98,30.45
30.53,8.96
55.45,32.36
70.57,29.70
45.15,53.24
-3.10,46.55
-14.00,0.28
-10.72,13.49
26.47,51.93
31.97,4.02
11.85,77.38
35.99,72.83
10.50,37.43
25.84,77.93
80.50,74.46
30.29,41.84
-18.49,21.56
45.11,63.80
61.40,60.39
-13.31,16.20
-20.47,-3.24
25.28,24.39
64.65,44.78
28.76,0.91
-0.16,69.38
3.83,5.28
-16.06,-9.54
47.53,-12.37
7.69,50.95
14.70,64.47
66.05,-17.19
11.77,31.11
-2.98,42.25
26.06,14.68
27.82,56.59
66.13,51.51
82.31,39.64
-4.25,-2.21
23.65,-4.01
12.67,38.58
29.34,69.75
23.48,30.42
58.93,75.84
-16.02,25.15
14.13,-14.32
60.13,21.76
74.96,-19.41
18.61,26.06
49.04,44.99
9.71,-18.26
78.51,9.02
65.87,5.93
25.12,-19.77
8.20,21.46
48.04,-17.95
48.57,48.99
61.24,-5.23
49.44,-20.31
59.70,59.27
1.89,4.73
52.10,77.33
-19.06,73.64
70.36,5.05
69.98,14.76
-8.13,10.56
79.32,39.27
18.16,-12.15
37.87,46.42
77.79,-16.26
67.81,-9.99
34.08,-15.42
32.04,-17.22
61.99,-19.82
63.80,19.25
62.22,62.33
66.88,48.57
0.15,77.72
55.74,60.78
41.77,7.68
-18.49,31.38
20.54,67.07
34.66,-11.81
68.64,71.39
32.38,0.96
-18.33,55.42
57.79,35.28
7.47,40.34
0.05,26.86
-13.64,71.69
50.84,69.65
-13.90,-11.04
-9.07,68.15
76.96,60.88
67.60,-17.99
-6.69,-15.11
5.48,19.62
33.50,35.12
69.45,71.20
77.98,14.47
73.53,-4.19
21.12,-9.03
66.60,48.91
-15.99,0.19
80.81,41.77
-15.32,18.62
-18.11,27.35
79.50,38.70
-17.79,66.02
4.99,-9.93
6.50,50.58
-2.32,-20.46
11.16,18.91
73.95,5.27
65.76,79.27
43.86,15.48
-4.66,-16.06
5.18,-6.79
41.74,-9.15
44.89,8.66
45.47,27.39
31.61,50.46
-20.33,56.14
19.88,-4.94
75.47,-7.15
54.60,1.96
68.28,26.16
-17.83,51.09
51.44,80.69
71.19,61.81
10.98,-6.53
58.38,66.64
42.84,68.60
78.21,41.66
2.53,21.45
34.95,58.57
31.89,58.65
40.75,29.64
26.12,73.02
81.72,41.42
59.05,60.93
13.59,55.66
64.32,29.25
15.44,1.83
61.39,29.77
20.18,14.49
32.03,51.77
-2.23,31.06
32.77,71.80
65.28,81.04
47.01,70.69
10.32,7.36
-6.47,1.42
57.20,18.60
67.75,28.92
51.14,-1.61
17.39,5.77
54.83,53.99
-10.22,36.39
49.81,-13.97
59.82,45.02
-5.62,0.43
-13.74,8.76
38.12,0.63
76.01,14.29
7.58,0.37
0.03,67.75
56.23,69.04
55.68,47.80
62.09,42.92
11.18,61.77
74.17,68.60
-17.13,-5.27
43.50,69.71
64.15,38.79
9.20,22.20
-4.53,6.22
52.14,43.14
22.99,-3.18
81.24,69.32
-4.91,12.52
50.88,19.55
67.74,53.51
36.39,-8.10
69.79,14.25
18.51,33.78
37.70,-14.28
51.09,20.65
26.39,75.93
-2.63,-10.80
33.63,13.50
-4.85,33.85
80.13,24.31
22.02,59.31
30.31,47.33
-7.08,32.28
-6.74,76.93
70.62,-6.49
-5.83,65.41
44.52,27.32
8.82,39.81
74.59,40.38
55.37,71.97
6.59,71.74
46.69,25.12
48.24,24.27
29.32,2.63
1.19,-6.62
25.41,20.52
11.51,0.89
47.38,-4.27
82.26,76.78
33.50,29.08
38.91,45.85
61.19,20.44
63.57,29.37
12.57,14.80
-12.46,69.36
15.18,5.57
-18.76,28.06
2.27,79.06
61.70,-13.40
58.61,55.14
78.49,-10.71
-8.51,36.90
71.27,-17.23
14.52,59.15
49.01,34.29
43.08,58.90
25.89,67.70
9.73,38.28
72.87,1.57
51.44,73.12
55.61,19.14
27.37,29.85
35.95,15.07
38.64,-0.94
62.12,-14.05
-15.56,-1.58
53.24,23.08
36.57,13.85
-5.21,77.55
22.45,21.27
57.72,-2.38
1.07,79.23
-10.07,61.06
57.93,1.00
47.45,5.35
70.26,11.27
11.90,1.98
9.44,44.07
4.33,40.18
-9.74,71.36
55.92,55.14
10.10,81.85
81.77,67.56
48.23,-9.73
38.09,33.10
-12.49,16.36
25.71,19.99
74.14,52.10
22.98,-11.32
12.95,-20.21
80.11,62.38
34.74,57.98
49.24,4.97
77.19,42.47
18.10,67.68
34.38,-9.30
47.72,36.65
16.45,37.23
-4.97,12.58
-4.61,52.64
76.50,25.54
41.45,1.08
27.56,76.92
2.72,16.64
8.76,-3.74
16.90,28.49
-0.76,72.12
11.43,49.63
2.21,-5.75
66.65,47.86
-7.02,72.09
56.11,-8.41
56.00,42.73
78.81,16.98
73.93,17.98
72.60,69.06
-16.21,41.21
14.45,-2.26
2.67,2.60
65.99,38.95
-11.47,48.45
41.71,79.71
67.44,37.49
-1.20,73.04
42.35,2.00
-5.85,78.14
-0.07,-4.81
58.91,59.63
13.50,17.46
53.30,51.57
68.85,65.84
17.70,7.40
22.05,78.40
10.95,14.72
48.03,38.90
7.24,19.20
80.36,-15.96
-12.77,57.76
72.46,62.86
14.39,38.74
45.86,6.22
0.58,12.04
-8.91,80.10
45.00,57.27
41.78,12.72
-1.33,42.20
25.83,24.98
52.25,5.89
73.59,24.89
37.06,40.03
29.34,65.51
17.38,38.99
-11.84,16.20
73.17,57.79
68.89,57.81
69.74,66.15
-10.86,43.06
63.64,34.32
12.70,0.20
45.99,32.05
-10.16,3.25
-15.13,-14.40
63.23,2.18
53.24,33.39
-6.60,74.39
30.32,-15.92
32.54,-4.09
52.41,1.75
-14.24,1.61
56.56,33.93
28.88,0.86
33.49,13.08
21.08,82.02
52.11,42.71
30.86,72.78
39.07,76.53
12.69,44.73
-6.82,-5.83
44.92,41.43
20.73,71.97
22.00,-10.58
59.12,66.03
-6.51,36.20
22.21,59.82
5.99,71.66
-19.19,22.75
65.52,73.29
68.07,10.00
-12.61,-8.36
-17.33,26.45
15.38,18.32
18.62,64.03
54.36,13.65
48.95,-3.78
27.72,-8.08
54.92,81.45
-19.15,5.80
26.82,9.63
0.70,79.01
32.45,25.53
35.39,-11.85
2.98,13.41
52.33,26.57
-11.97,65.88
31.51,70.39
23.04,64.22
15.63,71.09
64.86,64.52
58.04,37.15
16.29,21.20
60.73,54.28
48.84,66.31
80.94,-15.86
-7.08,30.66
58.77,-12.23
-14.74,13.11
-10.22,19.62
80.81,0.22
3.51,-15.89
18.27,59.12
54.95,23.85
68.58,31.31
55.10,48.00
30.74,19.10
38.31,64.27
-8.67,57.00
4.96,41.49
71.04,-0.13
-8.48,6.90
18.67,-13.32
80.67,38.74
54.77,69.19
55.90,79.17
78.39,51.12
1.93,-12.29
-9.69,37.37
59.19,64.16
2.10,22.12
72.05,-14.70
1.51,-10.91
64.25,66.68
-10.33,58.32
44.31,-18.00
59.13,38.55
27.97,-9.65
80.48,10.27
26.83,9.74
79.51,54.20
39.96,18.70
62.75,57.26
-2.53,41.83
0.47,68.28
55.95,18.35
56.29,1.08
51.17,12.23
59.95,-11.82
45.85,-7.22
76.17,12.65
15.64,-9.74
67.72,25.13
76.35,43.15
68.70,6.99
-12.38,-20.47
-17.18,43.62
-5.79,-20.31
8.76,22.90
53.17,-15.54
61.38,18.25
50.63,5.04
80.36,0.57
37.17,68.13
25.16,24.16
-7.90,39.89
48.18,4.92
29.91,11.74
-5.88,-4.81
56.99,30.50
28.41,-10.07
13.01,-8.88
30.20,55.59
68.96,49.33
13.81,-17.38
-5.26,32.15
81.67,60.84
-9.23,74.21
74.10,-12.59
22.00,4.01
6.05,39.79
75.40,-16.91
59.67,19.22
4.98,3.51
14.86,52.82
34.51,78.97
63.81,79.52
77.68,81.02
15.93,-10.73
10.16,-14.45
55.98,1.83
41.27,47.29
70.93,-1.59
12.57,73.75
52.44,2.30
50.05,29.80
10.08,28.66
21.43,76.89
45.47,12.46
41.44,80.34
81.57,74.63
43.52,11.38
41.46,12.15
42.07,47.50
64.06,-2.84
7.52,18.21
46.10,36.94
63.64,64.23
-11.98,68.32
16.63,1.64
31.13,61.05
-7.85,50.49
-5.77,59.33
8.84,71.71
-10.61,13.07
48.86,24.36
24.20,6.72
69.47,-8.60
-10.83,22.43
-4.12,46.51
15.34,50.03
0.73,34.68
65.01,36.22
5.50,82.29
30.97,70.35
66.63,75.54
59.97,-18.18
-7.83,-7.79
70.63,76.43
66.58,26.12
60.86,62.59
70.53,40.55
36.49,41.20
15.75,58.55
79.01,79.32
41.60,26.99
11.28,20.92
75.33,29.90
22.75,-7.11
17.67,13.08
35.18,68.45
15.37,34.13
19.77,-18.91
-4.08,12.82
43.94,59.29
75.41,6.10
48.53,13.86
77.08,39.85
